279
1 23.5 -20.0 -26.0 3 139 142 429
2 23.5 20.0 -26.0 3 145 147 246
3 23.5 20.0 26.0 3 144 148 250
4 23.5 -20.0 26.0 3 136 141 449
5 -23.5 20.0 -26.0 3 235 238 344
6 -23.5 20.0 26.0 3 247 252 345
7 -23.5 -20.0 -26.0 3 336 341 448
8 -23.5 -20.0 26.0 3 339 342 453
9 23.5 -12.00000000000001 -26.0 3 103 139 153
10 23.5 -3.999999999999993 -26.0 3 97 100 103
11 23.5 3.999999999999979 -26.0 3 100 118 135
12 23.5 11.99999999999995 -26.0 3 135 145 169
13 23.5 20.0 -18.57142857142856 3 115 147 164
14 23.5 20.0 -11.1428571428571 3 115 143 155
15 23.5 20.0 -3.714285714285651 3 108 137 155
16 23.5 20.0 3.714285714285804 3 108 127 138
17 23.5 20.0 11.14285714285722 3 116 131 138
18 23.5 20.0 18.5714285714286 3 116 148 165
19 23.5 -12.00000000000001 26.0 3 98 136 154
20 23.5 -3.999999999999993 26.0 3 93 98 99
21 23.5 3.999999999999979 26.0 3 99 119 126
22 23.5 11.99999999999995 26.0 3 119 144 150
23 23.5 -20.0 -18.57142857142856 3 123 142 166
24 23.5 -20.0 -11.1428571428571 3 113 123 130
25 23.5 -20.0 -3.714285714285651 3 109 110 113
26 23.5 -20.0 3.714285714285804 3 109 111 112
27 23.5 -20.0 11.14285714285722 3 111 125 132
28 23.5 -20.0 18.5714285714286 3 125 141 163
29 15.66666666666667 20.0 -26.0 3 221 246 261
30 7.833333333333371 20.0 -26.0 3 196 221 227
31 2.842170943040401e-14 20.0 -26.0 3 191 196 200
32 -7.833333333333314 20.0 -26.0 3 185 193 200
33 -15.66666666666666 20.0 -26.0 3 193 235 263
34 -23.5 20.0 -18.57142857142856 3 223 238 270
35 -23.5 20.0 -11.1428571428571 3 210 223 231
36 -23.5 20.0 -3.714285714285651 3 206 210 211
37 -23.5 20.0 3.714285714285804 3 206 228 255
38 -23.5 20.0 11.14285714285722 3 214 232 255
39 -23.5 20.0 18.5714285714286 3 214 252 273
40 15.66666666666667 20.0 26.0 3 194 250 262
41 7.833333333333371 20.0 26.0 3 184 194 199
42 2.842170943040401e-14 20.0 26.0 3 190 197 199
43 -7.833333333333314 20.0 26.0 3 197 220 226
44 -15.66666666666666 20.0 26.0 3 220 247 260
45 -23.5 12.00000000000001 -26.0 3 335 344 369
46 -23.5 3.999999999999993 -26.0 3 301 315 335
47 -23.5 -3.999999999999979 -26.0 3 292 299 301
48 -23.5 -11.99999999999995 -26.0 3 299 336 354
49 -23.5 -20.0 -18.57142857142856 3 324 341 363
50 -23.5 -20.0 -11.1428571428571 3 312 324 332
51 -23.5 -20.0 -3.714285714285651 3 309 311 312
52 -23.5 -20.0 3.714285714285804 3 310 311 313
53 -23.5 -20.0 11.14285714285722 3 310 323 329
54 -23.5 -20.0 18.5714285714286 3 323 342 366
55 -23.5 12.00000000000001 26.0 3 319 345 350
56 -23.5 3.999999999999993 26.0 3 300 319 326
57 -23.5 -3.999999999999979 26.0 3 297 300 304
58 -23.5 -11.99999999999995 26.0 3 304 339 353
59 -15.66666666666667 -20.0 -26.0 3 425 448 464
60 -7.833333333333371 -20.0 -26.0 3 401 425 433
61 -2.842170943040401e-14 -20.0 -26.0 3 391 401 405
62 7.833333333333314 -20.0 -26.0 3 397 399 405
63 15.66666666666666 -20.0 -26.0 3 399 430 467
64 -15.66666666666667 -20.0 26.0 3 400 453 466
65 -7.833333333333371 -20.0 26.0 3 390 400 404
66 -2.842170943040401e-14 -20.0 26.0 3 398 402 404
67 7.833333333333314 -20.0 26.0 3 402 424 432
68 15.66666666666666 -20.0 26.0 3 424 449 463
69 23.5 13.00076619094958 -0.2044593522651681 3 81 82 91
70 23.5 -13.66574664902419 7.489456161726977 3 90 111 112
71 23.5 -13.72265751332233 -7.649760530441185 3 110 113 129
72 23.5 -0.1221653555311875 19.17167790218875 3 92 93 95
73 23.5 0.5627095440451093 -19.53319181523965 3 97 100 104
74 23.5 14.24549792930002 14.7027915914414 3 116 122 131
75 23.5 13.21469260975819 -14.19924002397102 3 84 88 89
76 23.5 -8.23090252678983 18.54116530221683 3 92 93 98
77 23.5 -3.530716074493359 12.03542157375188 3 92 95 96
78 23.5 3.409403210196594 12.16922527839734 3 95 96 101
79 23.5 -0.0117838415623126 5.609849782989301 3 96 101 105
80 23.5 7.239676871075055 5.8755673125954 3 82 91 101
81 23.5 3.589735381556004 -0.8068830900323327 3 81 82 86
82 23.5 -4.199017003682393 -0.3928475758861332 3 83 85 106
83 23.5 -0.4737754167074151 -7.25124179668094 3 86 87 114
84 23.5 8.46202593009587 -7.08250012603493 3 81 84 86
85 23.5 -7.577734860434207 -18.84390380396806 3 94 97 103
86 23.5 -12.37020503567637 -0.05681381633083049 3 83 85 90
87 23.5 4.73710824920548 -13.11078650522049 3 84 87 89
88 23.5 8.00105859010592 18.76959630154411 3 102 107 119
89 23.5 -13.66807369705056 -14.68150378077585 3 121 123 129
90 23.5 -7.243783286374704 -11.1448694245447 3 94 121 124
91 23.5 8.169014277033071 -19.91884843359676 3 89 118 120
92 23.5 -14.28319131765335 14.56710140531192 3 125 132 149
93 23.5 14.01529995749161 7.632942103023581 3 91 127 131
94 23.5 -7.145066363808661 5.795133438480903 3 83 90 128
95 23.5 14.93549694616073 -7.268668471882776 3 88 117 137
96 23.5 -7.601887651152643 -5.299106628776755 3 85 124 133
97 23.5 -1.840600598582466 -13.75961838321312 3 94 104 152
98 23.5 -14.65081046980298 20.64488612786329 3 136 141 154
99 23.5 -14.40957431198362 -20.57294816015818 3 139 142 153
100 23.5 14.49957525918972 -20.66987225714938 3 145 147 162
101 23.5 14.67801201668538 20.74073503048279 3 144 148 150
102 23.5 9.382187311633842 11.83002451740037 3 107 122 159
103 23.5 -9.371124586353877 11.6856555762977 3 134 149 156
104 16.50259420274613 20.0 -0.1741212447017304 3 174 175 180
105 -17.33569018767873 20.0 0.3642067396970603 3 176 188 206
106 3.9166666666667 20.0 -19.21613433702191 3 191 196 227
107 -3.824768659884931 20.0 19.29497061980914 3 186 187 190
108 11.91842137628661 20.0 18.68617145066322 3 183 184 194
109 -11.24557912986191 20.0 -18.77708651062327 3 185 193 215
110 -17.87707081946883 20.0 14.73470994918702 3 214 222 232
111 16.60407974771704 20.0 -14.39181461036754 3 173 177 179
112 3.919693656626833 20.0 19.17164276892687 3 183 184 186
113 -0.007358910964732956 20.0 12.56269267589347 3 186 187 189
114 -7.230409325790522 20.0 12.38892304162292 3 187 189 192
115 -3.487587987886286 20.0 6.078259355790387 3 189 192 198
116 3.917084183284018 20.0 6.008014783927202 3 181 182 198
117 0.3036288520677566 20.0 -0.4371492873632548 3 202 204 209
118 7.943700287873396 20.0 -0.4758803639285745 3 174 175 181
119 3.770731867150417 20.0 -7.120549364068555 3 203 209 212
120 -4.124197226348137 20.0 -7.044694626841505 3 195 212 240
121 11.46503660345831 20.0 -7.181486829494716 3 173 174 179
122 11.19630442386723 20.0 6.138276213570691 3 175 181 182
123 -10.80465387085454 20.0 4.855398955413364 3 176 178 188
124 7.325959180618213 20.0 12.35026748045251 3 182 183 201
125 -3.479926394466936 20.0 -19.51765245535808 3 185 191 200
126 -17.12486978257875 20.0 -7.335809823173207 3 210 211 217
127 -11.00225133584882 20.0 -3.348180482095682 3 176 178 195
128 -11.06110245913513 20.0 -10.83304587687885 3 195 215 219
129 -11.92334297127261 20.0 18.60116955716595 3 208 216 220
130 11.59084024186296 20.0 -19.89830248506465 3 177 221 227
131 -17.22047488755297 20.0 -14.59074225644856 3 215 223 225
132 18.03115197850107 20.0 14.67130345174976 3 230 254 258
133 0.3232163084710002 20.0 -13.32441369035743 3 237 240 245
134 7.945095239221072 20.0 -13.52211688606247 3 173 177 243
135 -17.93106040832161 20.0 7.428571428571509 3 188 228 232
136 18.3143421107843 20.0 -7.320913108341347 3 179 180 229
137 17.9115456293379 20.0 7.637413239461502 3 218 234 254
138 -5.956712285383478 20.0 0.1910489310434755 3 178 239 241
139 -17.88155173905876 20.0 -20.49120741226451 3 235 238 263
140 18.01902970634984 20.0 -20.63617616623489 3 246 251 261
141 -18.19191104203929 20.0 20.68912275855322 3 247 252 260
142 18.21954395834455 20.0 20.70837126701259 3 250 253 262
143 -5.747010391034195 20.0 -13.90089314733906 3 224 236 259
144 -13.01212228741419 20.0 11.15340712330772 3 216 222 269
145 13.20094332826137 20.0 11.79329225933785 3 244 258 266
146 -23.5 12.99189222924193 -0.2044215229364994 3 281 282 291
147 -23.5 -13.70431353860772 7.517822885479752 3 290 310 313
148 -23.5 -13.72902545738646 -7.643643422731301 3 309 312 330
149 -23.5 -0.1104586208939224 19.18268637920423 3 294 295 297
150 -23.5 0.537574057537249 -19.51913895055005 3 292 298 301
151 -23.5 14.2436895538627 14.70191451895251 3 318 322 331
152 -23.5 13.2046511782756 -14.19492824439685 3 284 288 289
153 -23.5 -8.228840757803614 18.5556817926222 3 294 297 304
154 -23.5 -3.532881157540778 12.04628337959242 3 294 295 296
155 -23.5 3.40516666965755 12.17318865585094 3 295 296 302
156 -23.5 -0.02688964043963438 5.618581538026064 3 296 302 305
157 -23.5 7.228072002558918 5.877395783590835 3 282 291 302
158 -23.5 3.559172724207166 -0.8033827909454487 3 281 282 285
159 -23.5 -4.215353060630136 -0.3862197997183827 3 283 286 307
160 -23.5 -0.4922136876197847 -7.246742199899231 3 285 287 314
161 -23.5 8.442475352680407 -7.077887448020366 3 281 284 285
162 -23.5 -7.603711823423751 -18.82388735113177 3 292 293 298
163 -23.5 -12.38009278333948 -0.04861075167433526 3 283 286 290
164 -23.5 4.698923104037014 -13.19453281926926 3 284 287 289
165 -23.5 8.001514585431337 18.77049756144686 3 303 306 319
166 -23.5 -14.29284970340368 14.57908991525704 3 323 329 349
167 -23.5 8.156787266506601 -19.92974537856092 3 289 315 320
168 -23.5 -13.69165360189147 -14.64066218755376 3 321 324 330
169 -23.5 -7.256939105831144 -11.14151112875357 3 293 321 325
170 -23.5 14.00974549062278 7.63243338789286 3 291 327 331
171 -23.5 -7.156537000115605 5.808792731574336 3 283 290 328
172 -23.5 14.92780375203959 -7.266876014499292 3 288 316 338
173 -23.5 -7.614724818961403 -5.293345460555365 3 286 325 333
174 -23.5 -1.860347720320163 -13.7653506453523 3 293 298 352
175 -23.5 -14.38830182492205 -20.55003932793806 3 336 341 354
176 -23.5 -14.66200481211519 20.65881137225178 3 339 342 353
177 -23.5 14.49957525918973 -20.66987225714937 3 344 347 360
178 -23.5 14.67787401871479 20.74073749858625 3 345 348 350
179 -23.5 9.377637660426657 11.8310859815468 3 306 322 359
180 -23.5 -9.383084431494282 11.70153414090515 3 334 349 356
181 -16.48219304344551 -20.0 0.2082009093365471 3 374 378 382
182 16.0622612960484 -20.0 0.104208586236485 3 379 381 412
183 -3.794665519045004 -20.0 -19.29122633270654 3 387 391 393
184 3.517497294129601 -20.0 19.63513604880886 3 398 402 432
185 -11.70756548833998 -20.0 19.98605016950481 3 377 390 400
186 11.41859450898924 -20.0 -19.43995787828035 3 394 395 397
187 17.06666842902992 -20.0 14.8571428571429 3 385 418 421
188 -17.91052468671083 -20.0 -14.74698800868907 3 417 431 442
189 3.889905123234072 -20.0 -19.30732866012541 3 387 389 391
190 0.06521252835121061 -20.0 -12.59037182215712 3 387 388 389
191 -7.26944572835313 -20.0 -12.39791648993047 3 384 393 396
192 -3.775208934503688 -20.0 -5.924349611898762 3 383 384 396
193 3.880319575451445 -20.0 -5.963459851926626 3 388 392 403
194 0.07368780899329508 -20.0 0.6149379439259448 3 406 410 411
195 -7.828969995001207 -20.0 0.5788843470740304 3 374 378 383
196 -3.689592794806039 -20.0 7.141613608936694 3 408 411 416
197 4.554506134670717 -20.0 7.394042044951199 3 416 420 439
198 -11.44726652199149 -20.0 7.242056076861232 3 373 374 380
199 -11.08328726674855 -20.0 -6.031804625718387 3 378 383 384
200 -3.882499241706125 -20.0 19.66081500629151 3 390 398 404
201 7.707121374477872 -20.0 -12.61736838308318 3 386 388 389
202 11.47874058736313 -20.0 -5.879556722059444 3 379 386 392
203 16.15967300877545 -20.0 -13.50511067565575 3 375 376 386
204 17.06666842902989 -20.0 7.428571428571495 3 414 415 421
205 11.1940697983962 -20.0 11.37538935377275 3 385 422 426
206 7.920866091018929 -20.0 0.2430775454063578 3 379 381 407
207 11.29482204014106 -20.0 19.27181972319917 3 385 424 426
208 -11.92386774247716 -20.0 -18.61419749684018 3 409 423 425
209 -16.80083355266859 -20.0 14.43375525192494 3 373 377 380
210 -0.2031365372943803 -20.0 13.48270791781138 3 441 443 446
211 -7.9551490228011 -20.0 13.65783300522176 3 373 377 434
212 -18.34605862362112 -20.0 7.348231019053145 3 380 382 436
213 -17.74507228277639 -20.0 -7.67659303465539 3 427 438 442
214 18.0460903222945 -20.0 -6.757498148192738 3 428 440 451
215 11.47568114358659 -20.0 5.18829327131062 3 381 439 444
216 17.70227590866068 -20.0 -20.30216334751781 3 376 429 430
217 -18.19438761918551 -20.0 -20.69096721913455 3 448 454 464
218 18.01902970634988 -20.0 20.63617616623494 3 449 455 463
219 -18.04540173016432 -20.0 20.66398512724441 3 453 456 466
220 5.700682139332802 -20.0 13.90846725793813 3 426 458 462
221 -13.12557354583265 -20.0 -11.70309294521058 3 423 431 465
222 -16.58065774746327 0.01910078160368404 26.0 3 491 492 493
223 18.0997304569265 -0.0002847931965645145 26.0 3 481 482 499
224 -3.48091554482241 13.55987855071322 26.0 3 503 508 527
225 -3.483212482363956 -13.55048079049526 26.0 3 501 507 523
226 11.75000000000002 13.21613433702192 26.0 3 489 506 510
227 11.74999999999999 -13.21613433702189 26.0 3 488 505 509
228 -16.91106953008924 7.938963982518601 26.0 3 485 491 493
229 -10.49644454321959 4.216595960556202 26.0 3 485 487 491
230 -10.57154102728133 -4.14632743611012 26.0 3 484 486 492
231 -2.838092778695286 0.04007014076747945 26.0 3 497 498 534
232 -17.00680581614606 -7.93373016615705 26.0 3 484 490 495
233 3.989291853640739 13.34482009528669 26.0 3 504 508 510
234 7.656762947012635 7.078618992549821 26.0 3 480 489 512
235 3.988909030717098 -13.33677153675773 26.0 3 502 507 509
236 7.656699143192007 -6.593859276286197 26.0 3 479 483 488
237 16.52743608889203 7.446867270831249 26.0 3 480 481 489
238 16.25028521998679 -7.2730098547111 26.0 3 479 482 488
239 -11.10675810745056 -12.50254781118321 26.0 3 484 486 515
240 -11.07398318393199 12.52054146968408 26.0 3 485 487 516
241 0.5456067264669846 -6.637260071680054 26.0 3 483 498 518
242 0.5481476017734015 7.213571493455953 26.0 3 519 529 537
243 10.76021400036766 0.176950541596497 26.0 3 479 480 481
244 4.054889606686233 0.2130153034005831 26.0 3 483 498 517
245 -17.61632319971247 -14.07396924416289 26.0 3 525 526 543
246 -17.57253013029535 14.10111868663052 26.0 3 520 524 544
247 17.79481076807993 14.24873832152269 26.0 3 530 532 540
248 17.79481076807989 -14.24873832152268 26.0 3 531 533 541
249 -5.569424226650082 -7.81332704135713 26.0 3 486 534 536
250 -5.556922539097394 7.827233107370019 26.0 3 487 535 537
251 16.58065774746327 -0.01910078160368374 -26.0 3 569 570 571
252 -18.0997304569265 0.0002847931965645145 -26.0 3 559 560 577
253 3.480915544822409 -13.55987855071322 -26.0 3 581 586 605
254 3.483212482363957 13.55048079049526 -26.0 3 579 585 601
255 -11.75000000000002 -13.21613433702192 -26.0 3 567 584 588
256 -11.74999999999999 13.21613433702189 -26.0 3 566 583 587
257 16.91106953008924 -7.938963982518601 -26.0 3 563 569 571
258 10.49644454321959 -4.216595960556202 -26.0 3 563 565 569
259 10.57154102728133 4.146327436110121 -26.0 3 562 564 570
260 2.838092778695287 -0.04007014076747922 -26.0 3 575 576 612
261 17.00680581614606 7.933730166157051 -26.0 3 562 568 573
262 -3.989291853640739 -13.34482009528668 -26.0 3 582 586 588
263 -7.656762947012635 -7.078618992549821 -26.0 3 558 567 590
264 -3.988909030717098 13.33677153675773 -26.0 3 580 585 587
265 -7.656699143192007 6.593859276286197 -26.0 3 557 561 566
266 -16.52743608889203 -7.446867270831249 -26.0 3 558 559 567
267 -16.25028521998679 7.2730098547111 -26.0 3 557 560 566
268 11.10675810745057 12.50254781118321 -26.0 3 562 564 593
269 11.07398318393199 -12.52054146968408 -26.0 3 563 565 594
270 -0.5456067264669846 6.637260071680054 -26.0 3 561 576 596
271 -0.5481476017734019 -7.213571493455953 -26.0 3 597 607 615
272 -10.76021400036766 -0.1769505415964968 -26.0 3 557 558 559
273 -4.054889606686232 -0.2130153034005833 -26.0 3 561 576 595
274 17.61632319971248 14.07396924416289 -26.0 3 603 604 621
275 17.57253013029535 -14.10111868663052 -26.0 3 598 602 622
276 -17.79481076807993 -14.24873832152269 -26.0 3 608 610 618
277 -17.79481076807989 14.24873832152268 -26.0 3 609 611 619
278 5.569424226650082 7.81332704135713 -26.0 3 564 612 614
279 5.556922539097393 -7.827233107370017 -26.0 3 565 613 615
554
81 84 69
80 81 69
82 94 86
84 87 75
86 96 82
83 84 81
83 87 84
75 95 84
87 91 75
86 94 70
69 93 80
76 77 72
20 76 72
85 97 90
77 78 72
77 79 78
73 85 10
19 76 20
20 72 21
11 73 10
79 80 78
78 88 72
10 85 9
73 97 85
79 81 80
79 82 81
78 102 88
16 69 15
25 86 26
71 86 25
26 70 27
26 86 70
24 71 25
82 83 81
14 75 13
18 74 17
84 95 69
11 91 73
21 88 22
73 91 87
85 90 89
88 102 74
23 89 24
83 96 90
27 92 28
72 88 21
16 93 69
77 94 79
89 90 71
24 89 71
74 93 17
70 92 27
82 96 83
76 103 77
12 91 11
4 98 19
69 95 15
17 93 16
9 99 1
71 96 86
28 98 4
1 99 23
14 95 75
22 101 3
2 100 12
79 94 82
13 100 2
3 101 18
92 103 76
88 101 22
74 101 88
90 97 83
85 99 9
19 98 76
15 95 14
77 103 94
83 97 87
90 96 71
80 102 78
87 97 73
74 102 93
91 100 75
92 98 28
75 100 13
18 101 74
23 99 89
89 99 85
76 98 92
12 100 91
93 102 80
70 103 92
94 103 70
111 134 121
104 121 118
118 122 104
123 127 105
130 134 111
123 138 127
121 136 111
104 136 121
116 122 118
116 124 122
108 124 112
108 112 41
109 125 32
112 113 107
113 114 107
105 135 123
113 115 114
42 112 107
31 125 106
115 123 114
33 109 32
40 108 41
120 128 127
31 106 30
42 107 43
113 116 115
41 112 42
32 125 31
112 124 113
116 118 117
118 121 119
116 117 115
113 124 116
37 105 36
15 104 16
114 129 107
118 119 117
36 126 35
105 126 36
119 120 117
13 111 14
39 110 38
109 131 128
114 144 129
105 127 126
122 137 104
127 128 126
43 129 44
30 130 29
129 144 110
35 131 34
128 143 109
128 131 126
107 129 43
106 130 30
37 135 105
15 136 104
17 132 18
126 131 35
110 135 38
111 136 14
104 137 16
5 139 33
109 143 125
125 133 106
34 139 5
115 138 123
119 133 120
127 138 120
120 138 117
121 134 119
108 145 124
119 134 133
29 140 2
44 141 6
133 134 106
106 134 130
3 142 40
2 140 13
6 141 39
18 142 3
17 137 132
38 135 37
14 136 15
16 137 17
132 145 108
120 143 128
129 141 44
130 140 29
40 142 108
33 139 109
110 141 129
111 140 130
137 145 132
117 138 115
124 145 122
110 144 135
131 139 34
123 144 114
13 140 111
39 141 110
133 143 120
108 142 132
109 139 131
132 142 18
122 145 137
135 144 123
125 143 133
146 161 158
146 158 157
163 171 159
152 164 161
158 161 160
159 173 163
161 164 160
161 172 152
152 167 164
147 171 163
157 170 146
47 162 150
169 174 162
149 154 153
149 155 154
155 156 154
149 153 57
162 174 150
48 162 47
56 149 57
47 150 46
155 157 156
149 165 155
57 153 58
157 158 156
165 179 155
158 159 156
36 146 37
51 163 148
53 147 52
52 163 51
51 148 50
147 163 52
158 160 159
150 167 46
146 172 161
34 152 35
38 151 39
55 165 56
164 167 150
168 169 162
151 179 165
54 166 53
50 168 49
169 173 160
56 165 149
146 170 37
156 171 154
53 166 147
148 169 168
38 170 151
148 168 50
160 173 159
154 180 153
46 167 45
7 175 48
37 170 38
36 172 146
58 176 8
163 173 148
49 175 7
8 176 54
152 172 35
45 177 5
6 178 55
159 171 156
5 177 34
39 178 6
153 180 166
55 178 165
165 178 151
160 174 169
153 176 58
48 175 162
35 172 36
171 180 154
148 173 169
164 174 160
155 179 157
152 177 167
170 179 151
150 174 164
168 175 49
34 177 152
151 178 39
54 176 166
166 176 153
162 175 168
167 177 45
166 180 147
157 179 170
147 180 171
198 211 209
195 198 181
24 203 23
203 216 23
209 211 185
181 199 195
182 206 202
209 212 198
182 215 206
198 212 181
195 199 192
192 199 191
187 207 205
201 203 202
189 190 183
190 201 193
189 201 190
185 200 65
61 189 183
201 202 193
190 191 183
186 203 201
186 201 189
190 192 191
186 189 62
66 200 184
63 186 62
64 185 65
61 183 60
66 184 67
190 193 192
65 200 66
62 189 61
194 195 192
202 206 193
196 198 195
191 208 183
193 194 192
194 196 195
26 182 25
51 181 52
27 204 26
26 204 182
194 197 196
49 188 50
28 187 27
193 206 194
194 206 197
187 204 27
187 205 204
191 221 208
67 207 68
60 208 59
207 220 205
181 213 199
24 214 203
23 216 1
1 216 63
208 221 188
184 207 67
183 208 60
185 211 200
186 216 203
181 212 52
53 209 54
51 213 181
197 215 205
202 214 182
200 210 184
188 213 50
197 210 196
206 215 197
196 211 198
200 211 210
204 215 182
59 217 7
68 218 4
210 211 196
25 214 24
53 212 209
8 219 64
7 217 49
4 218 28
54 219 8
52 212 53
184 220 207
203 214 202
50 213 51
182 214 25
205 220 197
207 218 68
208 217 59
199 221 191
64 219 185
63 216 186
187 218 207
188 217 208
188 221 213
205 215 204
49 217 188
28 218 187
197 220 210
185 219 209
209 219 54
213 221 199
210 220 184
238 243 236
234 243 237
237 243 223
223 243 238
236 244 241
232 239 230
229 240 228
239 249 230
229 250 240
227 238 236
234 237 226
58 232 57
222 229 228
222 230 229
222 228 56
57 222 56
57 232 222
56 228 55
230 231 229
241 244 231
21 223 20
222 232 230
66 225 65
67 235 66
43 224 42
42 233 41
68 227 67
41 226 40
66 235 225
224 233 42
227 235 67
41 233 226
227 236 235
233 234 226
20 238 19
22 237 21
65 239 64
44 240 43
243 244 236
236 241 235
233 242 234
55 246 6
21 237 223
223 238 20
225 239 65
6 246 44
8 245 58
64 245 8
43 240 224
235 241 225
224 242 233
3 247 22
19 248 4
40 247 3
4 248 68
230 249 231
231 250 229
231 249 241
242 250 231
225 249 239
240 250 224
22 247 237
238 248 19
242 244 234
58 245 232
228 246 55
239 245 64
44 246 240
68 248 227
226 247 40
237 247 226
227 248 238
231 244 242
232 245 239
240 246 228
234 244 243
241 249 225
224 250 242
267 265 272
263 266 272
266 252 272
252 267 272
265 270 273
261 259 268
258 257 269
268 259 278
258 269 279
256 265 267
263 255 266
12 11 261
251 257 258
251 258 259
251 10 257
11 10 251
11 251 261
10 9 257
259 258 260
270 260 273
47 46 252
251 259 261
31 30 254
32 31 264
62 61 253
61 60 262
33 32 256
60 59 255
31 254 264
253 61 262
256 32 264
60 255 262
256 264 265
262 255 263
46 45 267
48 47 266
30 29 268
63 62 269
272 265 273
265 264 270
262 263 271
9 1 275
47 252 266
252 46 267
254 30 268
1 63 275
2 12 274
29 2 274
62 253 269
264 254 270
253 262 271
7 48 276
45 5 277
59 7 276
5 33 277
259 260 278
260 258 279
260 270 278
271 260 279
254 268 278
269 253 279
48 266 276
267 45 277
271 263 273
12 261 274
257 9 275
268 29 274
63 269 275
33 256 277
255 59 276
266 255 276
256 267 277
260 271 273
261 268 274
269 257 275
263 272 273
270 254 278
253 271 279
