14
23.5 -20.0 -26.0 1.0 0.0 0.0
23.5 20.0 -26.0 1.0 1.0 0.0
23.5 20.0 26.0 1.0 1.0 0.0
23.5 -20.0 26.0 1.0 0.0 0.0
-23.5 20.0 -26.0 0.0 1.0 0.0
-23.5 20.0 26.0 0.0 1.0 0.0
-23.5 -20.0 -26.0 0.0 0.0 0.0
-23.5 -20.0 26.0 0.0 0.0 0.0
23.5 0.0 0.0 1.0 1.0 0.0
0.0 20.0 0.0 1.0 1.0 0.0
-23.5 0.0 0.0 0.0 1.0 0.0
0.0 -20.0 0.0 1.0 0.0 0.0
0.0 0.0 26.0 1.0 1.0 0.0
0.0 0.0 -26.0 1.0 1.0 0.0
24
1 9 4
3 9 2
2 9 1
4 9 3
2 10 3
6 10 5
5 10 2
3 10 6
5 11 6
8 11 7
7 11 5
6 11 8
4 12 1
7 12 8
1 12 7
8 12 4
6 13 3
4 13 8
3 13 4
8 13 6
1 7 14
5 2 14
2 1 14
7 5 14
