=== Модальный анализ ===
Количество мод: 5
Количество степеней свободы: 28
Параметры: rho=7850.00 kg/m^3, h=1.00 m

Результаты:
Мода Lambda (ω²)   Omega (rad/s)   Частота (Hz)
------------------------------------------------------------
1      2.116357e-02    1.454770e-01    2.315339e-02   
2      2.701377e-02    1.643587e-01    2.615849e-02   
3      4.298065e-02    2.073178e-01    3.299564e-02   
4      5.881912e-02    2.425265e-01    3.859930e-02   
5      1.670856e-01    4.087610e-01    6.505634e-02   

=== Формы колебаний ===
Смещения узлов для каждой моды:

Мода 1 (f=2.315339e-02 Hz):
Узел U (смещение X) V (смещение Y)
------------------------------------------------------------
1        -1.185354e-24   0.000000e+00   
2        2.318575e-25    -1.345498e-24  
3        -3.375251e-06   1.039246e-04   
4        4.073684e-04    0.000000e+00   
5        0.000000e+00    7.671639e-25   
6        0.000000e+00    -3.500948e-04  
7        0.000000e+00    0.000000e+00   
8        0.000000e+00    0.000000e+00   
9        0.000000e+00    0.000000e+00   
10       0.000000e+00    0.000000e+00   
11       0.000000e+00    0.000000e+00   
12       0.000000e+00    0.000000e+00   
13       1.941464e-04    -1.261872e-04  
14       -4.487149e-25   -3.125921e-25  

Мода 2 (f=2.615849e-02 Hz):
Узел U (смещение X) V (смещение Y)
------------------------------------------------------------
1        -7.759407e-25   0.000000e+00   
2        -1.324189e-24   1.479597e-24   
3        -4.922519e-04   3.680455e-04   
4        -4.300153e-05   0.000000e+00   
5        0.000000e+00    -6.822431e-25  
6        0.000000e+00    -6.975909e-05  
7        0.000000e+00    0.000000e+00   
8        0.000000e+00    0.000000e+00   
9        0.000000e+00    0.000000e+00   
10       0.000000e+00    0.000000e+00   
11       0.000000e+00    0.000000e+00   
12       0.000000e+00    0.000000e+00   
13       -1.003450e-04   3.111258e-05   
14       -5.446189e-25   -4.016004e-27  

Мода 3 (f=3.299564e-02 Hz):
Узел U (смещение X) V (смещение Y)
------------------------------------------------------------
1        -1.481244e-24   0.000000e+00   
2        2.981902e-26    1.791625e-25   
3        -2.532191e-04   -4.088630e-04  
4        -1.759094e-06   0.000000e+00   
5        0.000000e+00    -1.064759e-24  
6        0.000000e+00    -1.262593e-04  
7        0.000000e+00    0.000000e+00   
8        0.000000e+00    0.000000e+00   
9        0.000000e+00    0.000000e+00   
10       0.000000e+00    0.000000e+00   
11       0.000000e+00    0.000000e+00   
12       0.000000e+00    0.000000e+00   
13       -1.571479e-04   -2.344514e-04  
14       1.311835e-25    -3.404074e-25  

Мода 4 (f=3.859930e-02 Hz):
Узел U (смещение X) V (смещение Y)
------------------------------------------------------------
1        -8.469163e-26   0.000000e+00   
2        3.783165e-25    -3.845647e-25  
3        -1.573387e-04   -8.585984e-05  
4        4.237672e-04    0.000000e+00   
5        0.000000e+00    6.821058e-25   
6        0.000000e+00    4.375012e-04   
7        0.000000e+00    0.000000e+00   
8        0.000000e+00    0.000000e+00   
9        0.000000e+00    0.000000e+00   
10       0.000000e+00    0.000000e+00   
11       0.000000e+00    0.000000e+00   
12       0.000000e+00    0.000000e+00   
13       -1.551356e-06   4.147902e-05   
14       -8.428835e-26   1.358621e-25   

Мода 5 (f=6.505634e-02 Hz):
Узел U (смещение X) V (смещение Y)
------------------------------------------------------------
1        -6.094437e-24   0.000000e+00   
2        -9.676187e-27   4.272448e-26   
3        -2.241382e-04   -9.079936e-05  
4        -2.390553e-04   0.000000e+00   
5        0.000000e+00    2.729262e-24   
6        0.000000e+00    1.506645e-04   
7        0.000000e+00    0.000000e+00   
8        0.000000e+00    0.000000e+00   
9        0.000000e+00    0.000000e+00   
10       0.000000e+00    0.000000e+00   
11       0.000000e+00    0.000000e+00   
12       0.000000e+00    0.000000e+00   
13       3.575661e-04    -7.912775e-05  
14       -2.533577e-24   2.378072e-24   
